3
1709782898 1813255352 788550144 
1
92808226 
4
1785503577 284844412 576746179 964040649 
4
1735461614 41833111 1016163640 2020019290 
6
1669792312 243199888 1910752039 1305728223 428584393 1788995308 
2
1831764692 1167812507 
7
1960758695 459408525 1600300358 635659814 78169939 1162599609 301431518 
4
2126744759 394239744 143485788 1764764689 
57
004206744897822899393281506314314856440939834013044385755598941427071 8646287339082031606708112404349126946800720225387257090433087011808498662886345062981026326247 28199155546292 201185303640017637726104642854776194846132333399091901587773362973558391526956 87177527416963252528559803511119038782643349666830815997349470575565730284342147158668394 545210708458832 96253324194708164806188943738167 142676862563847753053916646935640007905173468255 52143920813399311202729387324809035549520061993143537668690092215770722930140676129116977177498195 6067560986960161242115989073946762511731428454700111600619103700053326688446036047 184913038730904452153709855002232823147232253690125407303003256730056979416908910452202703048 130486577996894924699091716956790958708629220622381282553240831826919771603887015355510836039223014 0428486258631186416798312543614857617254 1 358191990721076559936817532056901910009173290047142743608925535636836066397612 38622994006572135930837478331586349860280937 428478217807159937408288560699763721762564 91584336176022284272546622090639790245052775105723977761160136107341876066776378687565772997529 56353251850487446312981382254181938454551619375116527 5599060092486142950063817992369031967186346060457473956666994010108826773391658395911599 01812023837626176231093886135076177671174056674219628126732259898755964569248870954866631076 659524480260610400554332285452639592230259 3057253928262027765150074509393610638142968482358886083 454949570128260440045305181197852449496631677814018560191430115461520105463446840626956099232770 2205462016676372543023135454364707553774543171547 6147424169939006735690041958347952914332 2554513060160690385875514 5900527193225129955170920696033543707518051785682399404483 89563035006 2410476210316572423410071621819171110961994771016 77586669940979280286598075 9894 99558347068752884640742615595174341108 04172350036231492974683019249071681036232 752166332945077426610411549701878017742936754418299440596588878999685000798339371225496244 53943023523712567797831390127552148660934308784554239389591266472258453103971528961911872199 6810417168199834316157387018109902063771780695049856584205247138334822992273907883443186610445481863 85502892803169677240405 45123671343 430255514294454959196430021665410657218 3907478189053656082756074546635947994 0573021781720300058716288667526875198288561691818682500378243822452470256537919709950209 25308663003258921814714701921053506362985212224508181873988383833492980 2386543624652594377105652571505753519892579748175007863042194890343254601695614234112 1814052977500248274443785048475778273 834656824391764641691086856252835492004756042606967095991518791463765150976336044753562 35617773249787974510336823379873336033350558467020055958297 757005338618388746888064912201698 2985 837995762560478 8022258243453192673540488014992096241165620052411 977367571565781945202945117528215143900279849153685999400154198804216443349255 252141 6303012814458104658683357080617277590994339149717595942842924643612601254291362023739013 25891372554889500657061336257700401748193501653739637 8052841867874275432660109615984901186482192719274631661642330042171719 2049253101718546069589003732954350598038201275893753975249656111383106928 
63
77472445311772358681066164314572521 655186850320003280 5488965317403154934450750994819378 64817657165858424411600003051089471358067762 1627934266216828824537230107755017833451092997789454187198983496499934256465165201619650468727568 711997655710211852602083902591262363329812856261623133443692711279 036061027480105238801496439608321227341299200945725067822784746860 1495517538107387278497535993713075538401223971818 67632121614012767527841151552540503717978591789451457792840 141645474563086086449017801661985361000457 87685241153055212332168269306204962409634149662095203359482024712172 556695550577891342746960692076022711469418217544718 3769611 748919 75448280134528681372184770791620384322337012072129539107176450708142695598 9502710311305361088382700875 659372382615112694774076976774739786116578291551140568475272647738349299028195422590338065541425279 91115154896245391129873937467608730267866491142454353947815575640868544105439786331 2641798664082867421685994968377551842700320606568628448036 6574302721045443728337813213574433064256673149412465146660047602900348207711674821335224220 0261487889968294043278742906320546786675783524920467 62774417681472031709251776734780988341209449662965080159955423433487519775652848348676 712358981481190888 3277221001680923424460372492371898610 41201225568234263422972063847051383605284207643917 075251218261864492696813658767184829140999277738127720 9606479540751263175064355524856918776922907225552379704588983696464278488 12989216319989977558326964832875164007950848768613447244627106632265270457343124680404098701386 32279516262576164127826818168831288230 563261546885803733891845123575544062238026506071380464177524201807241045615435565 332431157678408749716641088863597760897855607493584141579357729605604502274913391908055192984846 299993287320814812899283189148687778 97 59132513922842372286044932843 30864015509005432752388072478963049460142342887355513612070866263121 45679170807588061368345163686822381518501271187413367096366148378620772829157890146 46802418455 38507901016098022957737188925671641652763485207692388216320090174332718276718770938952 84895823276449476269137150145306007589829773632581494329354196916666778667241619780414 799007915701490357710539311925217417101973042279060013264559302044974264578997813946 6393006028480254890771960019473224836631589 2412532251053160912362649056073216672817944352363701266181788222091274198744972562681419 0082203137189066428355191228346444867100918037879824336578512176555297500303002 966294993425594361758278891005291 32531893674001196124923225974080255644123643755587979513000720 6622286422879524316221563780 995530726360139685193546020702 923675591853912790083542562476080658127515826327527882058 05124 8192397667920115386308 951465096318 27584627734312821918 7488543822090856044599717949221 8996354575673446801918189793015006641119 08164746967998967488999675786868984351069968774515534493982878888534832730527 91 5429561381281096654973488970808341517677997026981591969758939895947 04715437327489775862767666350052425269191961038545913699524 51213731851069164218701280135730851145 3055866410519731752329627368713038515458429414502834999745726221104861803 66446840231126600424754150233739395279213555337580 5 69371829334296180318093369189985834116270799539881682910859767562973 
79
28949678471073284055014796671494400367434531151789402072639900540508461 3736475469489127739934552766397 80537195046278962855533709340239384213829447255463216786632667798139 1347932798320409465714381485800134950329153493351122583823523547252286391852 9720977727253490882526389597230105312014031390380852412661384426158381984013363341 12870208862578526636249775302483670612691960915 983124919223808490 0580678880359401642066414408620 78058948996036323521362724707994092086897403357631769163634 3593 15593670823491700591127762032583053512524863955904148017330588005559711319834346970881534584606 62255398271816 037839565342978232587076579385809614 814156047579289255744342153987868386100058076923610244689979786716346452471285 677032713613591327883457849224003919180763244396 77522527451052643583771195724442316568223650817387654783567921354921875330413341009 97945669994397694427480834956897802368577918899432302388993505385734781604584659889349139499149 3210326393350840965358645756343696821570005019325853739235 6945003218131281506775404708078982495738852990062730472862899688129692479868994 8934864502428429617754552333407292680051415559610487852218658509789816157802775936633954932784 82085611493862677230728233622012410093332840307042317150413834287208754938160074325031094 889088507251409771865180333328928858928665905004182612845490484499281268770470180361 6550556500414456235952683686424190367029281756371 78356627461192139053073368906235060944883192327434754180992735 515651464759108 3350760771074719 866022400530405957837738904715 236281801 33058 1594487489053535997927933285786037796634651916627510 058443322489377931582610258968283247580748997682863224370168107 2320347948815765399534457148333667803597680176607771228952807384066345205212194862186 83483212638282902745974661891691969280463 0171328870526356 62481295000855 9402602408683348965 979581786477890594124908276331 51409577316117387791283200866291353422355286 15814955377553194449701969687371884479126903413989050476336283583931065655009517 3467342 0576269412470157376085610513932202850991230465194894568519124345720741884121852352710563675130604888 885906061333245818403535362362441063861915439932783356814060 154137111126575718411769896066373906917021609370333639 114170764 6279094354413646919192254153991729648096449903606517052468979043909031875797059922627185172086699 928715403752605424510884983782496577030327807552123313822110579328234288289956 7060300523848653866308 802928555647948783544317273592984 980567306466360124431615409305704972802560108310753944687537039626818285417258225839299965990 7276570527719294672086108857977696474526490311908 0783961650347211158432 38957951941239694828771186 224874721884945384970001772851 03602095375869599017017306693915475674303001261162885745506997454213854 543 2690091575125936781304789327 8424525730 83853232245494407777549913687747233 7691375419416483095141210813342022171814887625246771094185 3184627336706574956335266417483723106 519217911888315681210615339755816930633731 723526737372801588 95427070011905470163010493 51622374094215517374302803152439792131550184835 64195305612155247450727045 21109511071852069815550754450215325298327603821722270465132153887526680342855029277415928363663 26486412727420369210825663249501341985477139395218311009523493839940487123252085837159 01442927942902844162580195000930294489275685879508966975698681600260388 486575283140237825626428689299237805625151374178632574364485321331096 216612782544010676072625956164688449839293897876686068555483861628701940422109089695462100496578 70984126348567428084495536105264272785541497339357906471281029456745499750405531433290 4064 600294935001061617972293447613174113719311628701699830295156595126609553917707076971 90715586299051036529299916734855848596217313436280101 129053000049655085328956166467409325837934819510062 7968544419434603194534651054894 836471810466281475119981935821406066349385213370983071396090433059694544087524834154593 1225758444502252040298 51396248582379125596713227468244375212060490302083675199 
60
5979 36157376315368 6835586577047042323806562837437010570249163869192692560945 815947617878062021343057729667458062726735551976112637601 8842544394571026766529667953 739793248552225541209740328483756826262217659105438424487425822604440683 606714462086665110152758220025896489825225194625930307241474055613 282407 1143838061805154751213885601679013596404505230 1705833609848530865049086259778848644926100183161665886421501505662084697925231410118783 332157721726533458901333454437582799663855638995985239606241919381269645 00219720575455271382432559535278 913 45311988152656189638395563955551094302447604232307356932229 9502645669 5739261589947892231238256725547110239497503484608821878760214948271332002 42013017116182206820669892212799900423444075595 093653667980879791224880855373674230528236 14585 27205513260559074226069910561055098549077242161683212425473778370154251908414 931265880253244544698862960504199437917164481035416514923183712958 69677015140881454967275776963949926659483474811228967634252 496514486879245277 0746412157331417 6162133599898315991012888322492229654206385118837959439481832176261882410144947 5281875614135109737754087447036576755446 525646574 5023787482269057691408857222287789050920346271953293100842262930156160196 43338680190294613916144970902606969027268 8786935207868 685846 546765944143214 887765612492059597374240684018709775 59698115076925369440861841711556428259958560099233230346739884448463470228558493919 637366373013 09871320870263394557216165666118216440649667126873516343029742766520507483107904358112417601889 347146531959853323558195796897453368913120017569917756427 299743003236368575056193041489618884304627473222750 89913073144144575939999413908939820357663189536231440383673769843898765393 681134577060836725588587344859017 2189 5967023740321008564313650973994680482986031333390743008228617007248756371604035 0052247445817889486962770920392598022788289169008924392386435 97691081820736959741392732576357228326610603598 8574493719692466869225544679785632293594676814611545390 5785733275200367027494501156155855520877 97646548207889 9582263938447112218673258358342413769252296 20441428055002839170 66584 3584888413713485413926842539579829529370843381844456031504483585630577 73013499854767830498756412491168679911816284269229296069208345404525 2857719513807967572667211459627924696759259947804062803140014827208093918023903 31631247478972814623236048531094387603462479951345768384468569127889346693581815503441809856880 887135948721558161 25724892672351286780854921857141625304 8303036193111673083684093456413473878409910199608986587852614261740683574804 8457235215752996523151987847 8494296741898439596057768757128079418384496459621246 3280074276172275321488194306088337636054691838660920730192091 
49
670940688519995724042565495526283299557330440912638895554338958477444309443 470208013779007175664211712376933955077356378095871414787 2583835485378833636704620768540918391851591396770540124193177160119417866907595541854283500 394706123181008 13377141654177806498030541853737266901286913695445260524601194843555883674956 9231836284516666093661697538017930026966317183804180541497518202434022654474974403659829572513756 606252846830443213034706 1129965947766326740182235894079412300826792546110140675154774717147329900155 9890308251929686859242761764433342672410602582387211487776 31475634195177528776497757726330697262893421375163022990762518 87425806268507033355857043297257019729446218013379174878399026748610856687600937044641 836072812644602209002051226 697645738762517239631753904142414278764730291934099364857591734374470866 8509060965824599638 7 916 26304156355363045427380409601485015652389835332 0475299395501371728443433906446484035184754003275 31576069613474097617002 0202286593563151406448334407646796116886134771833678511174 4843734014198435365704401732773369652284995759497169521805192420308848437924083 01174366097 5950938534926368228432397177049556869624316943985820262979606771458540073 8917867091810826086700507907856847726555858930759331581593278074849616101197182245595866113112817 78308419350674335112753384568257388351 86566901412809 38896632560507758504116257760873674558716968755717148896782761 59704795602477260987866654832969859550011470 9741531397857386197992414 294556417950447424022111225640381856697304549211815246679133393499258209655576879316273198649998 139338085774843389554665214403438392310 0858484209 68632706931536650781988026478377350650265 192964847825873244731181754129958155 31614311 3703034053696005518267893136365637951586067767438366066671408973781069665553406354170958108117688 068845308827393466 24944054864862656288280111588162756373959536723443282505655681056805201356138 94833 039705588837632053412560275208413 03051156821027680846063583546896124439011236 149107280985524540764396409855 7288470390167602011875731939408348295424 50333634733409514466491230984549883168754004156524285339529905083 1168700762429681546851262213270386358445899758 247091555780051549918563372222376397644123 483144082567030372841348983126586 0340178768263912425027850335105 3966 
29
574758662207256306641966398178525991979102127759433739480497469270598608032 10773248 086694155558046 469886185 40424512108484934170036936765569513186317267870219412028814361434042603 41249260123627428887120547719363497335557031773671396540243170619372029732 01689730594 101573194789908953986567527214044414753 4333332184951726929261927 6751194450991832559931125964255822234691690994149132477965480 9351897006115077680124893569570428729520333832710732 34 00669921704678802387569754079660628830102599471812580665084040225008 295986578300190777072232477488827 370140672762751723978345943762321538595791168232649473 887561003551 5696902957131290508595436461094773586771604723995777410278497 8633492128387536493180402488378432773208036800441081241489326 69 5817890358374786798225018491287868769794524222 949186404897106186855642376710806945585186818727332 18 67948141835305015817701444857604410424509059772385076312017777338302955882 5210092756076165059652672322152975994261 8061831329875819032751633595335133226679588369482660045304057793037694774500469 4794149301 08038327586232438247638374425635 505922608052613 524119854 
51
0474999013844816421204917892297256976879465867419659260951391028735513451 59900888004019441553346119677792684994996317552629183996853743223632323965732197005 161914979193937271238162279296702025 126441390863221306787994808044658412543640962314182894294 90767708284569775927637827466896084766584032930622508390238848 6604279239860169504689701290878559908821029237198658749960159904896891293127958935919005012922633 1333477868449 9800105130364998123589458054443544556270208799721099936951 959605151443861572204413652523329281928063641929261612179342776816 0893641360572380404329048906167379833969236676739391297187915974878376512371064995 44975668375073812663012119828344831510377177678036547771653790173547574403160185931 1927476370 3580266689079 5459662789158738185007865677363128 04472519384312812590387 3 348160700161111552834215 430476014306126289300155901118652729322954787415367674 87628486670704211690353101081519473242009002 256848411524705225618172184408043820681953434 78661779109561575959948233698216292581603570639346 501766575983187960583365114551823199777467707696644072795460742054221197889858433032 330793437601854944043892437481115206542232417033458859294155278999665088242257712717758363012903 89780634071743924810668179682980151134553727231814891938896086391407082 75290474883978957788319752470807328685075582 0037813910636354520926878 537797937760872620176816834834580279274961170355 94176051436906954073761890026795202000175888473090568767991562282785922420269598747733 3490115142091437630227327016353894926442863106861005067761596007512 56552064860972678564616226277424271697073282449595969701320282801960689207 73622130011365316798897875918865147652683932773344153853654432976834014617886311748353618054541 447471281287510568812422696359793453881900 83939712176455290269505005297485778941168826545 617434449637214203156437453018881524268354097718245818555 760541388578822132870215025800078155483250134560767 88413195392229777292328986953873714235765107176026 7836818646305649108072063035210915707781411178118117313836479461063731094433 644751194943522005268129333969323721830546808 218696718273232786507559017016359118982739154322194059171984730663654837762416636353472582255 31799184870233926754291471716451620740140173485352772031102977031225532541009656845268391508403 55308574676732348 657260970493040360134712566025912838025065381528531922391003514999794 92041195940354504806477068069410816945441678 48751398297213154165759425784719 84835954676903339827961551143021627112872664198190019186291525987829228485996928941859500872363047 99237948533557653703802239565294 100061824571 26151154415992489709827929588623350675018527886968862775723707052029822807607493491868350831556 8096546512788644753366187692182902756609899955343 097174796091293151772871749292393000491210332857144321718647076398539 70734911835580871637356185140038101724829578567741488317833936948232637894862557807738631145931977 
13
0149528073985650434848334621367471555355763220383969792386535474859306072326575861953 1108472410136116142507278097721853 1015118690863488672452331740278399123992190430498633088254473412445 36375418489243871619 56499953669206949909834333794629490488944084890881966529890253 9265 478078567767853417396441993350517 253912 997441725981320273070177520654543207381072304343862009751 48392613661790920566 6337326066649578826755657872633 8823004660188066223771440196641525846414742548382952018027983057 4260307932336187807988389139719335386179524332032823853786877820560199241704907 
